Sekvenca #0: 3, 0, 2, 0, 1, 3, 1, 1, 1, 3, 
Sekvenca #1: 1, 0, 0, 1, 1, 1, 0, 1, 3, 0, 
Sekvenca #2: 0, 2, 2, 2, 2, 0, 2, 1, 2, 2, 
Sekvenca #3: 0, 3, 3, 0, 0, 0, 1, 0, 1, 0, 
Sekvenca #4: 1, 3, 0, 3, 3, 2, 3, 2, 3, 3, 
Sekvenca #5: 2, 2, 2, 2, 0, 1, 2, 0, 1, 0, 
Sekvenca #6: 0, 0, 2, 2, 2, 2, 0, 3, 0, 1, 
Sekvenca #7: 3, 3, 0, 2, 3, 1, 1, 3, 3, 0, 
Sekvenca #8: 1, 0, 1, 3, 3, 2, 0, 0, 0, 2, 
Sekvenca #9: 1, 1, 3, 0, 3, 1, 0, 1, 0, 0, 
Sekvenca #10: 1, 3, 1, 1, 3, 2, 2, 0, 3, 2, 
Sekvenca #11: 3, 2, 0, 1, 3, 3, 2, 3, 3, 0, 
Sekvenca #12: 2, 3, 3, 1, 0, 2, 0, 3, 2, 1, 
Sekvenca #13: 0, 0, 3, 2, 2, 1, 2, 3, 0, 0, 
Sekvenca #14: 3, 0, 0, 1, 2, 3, 0, 1, 1, 3, 
Sekvenca #15: 2, 1, 1, 3, 2, 1, 3, 0, 1, 0, 
Sekvenca #16: 2, 3, 1, 1, 1, 3, 3, 2, 3, 1, 
Sekvenca #17: 1, 2, 2, 2, 0, 1, 3, 2, 2, 0, 
Sekvenca #18: 2, 3, 1, 2, 3, 3, 3, 3, 3, 0, 
Sekvenca #19: 2, 2, 2, 3, 2, 0, 3, 2, 3, 3, 
Sekvenca #20: 3, 1, 2, 3, 2, 3, 2, 3, 3, 1, 
Sekvenca #21: 2, 1, 1, 0, 2, 3, 1, 2, 2, 2, 
Sekvenca #22: 3, 0, 2, 2, 3, 2, 0, 3, 0, 3, 
Sekvenca #23: 2, 0, 2, 2, 1, 0, 0, 2, 3, 3, 
Sekvenca #24: 1, 0, 3, 2, 1, 1, 1, 1, 1, 2, 
Sekvenca #25: 3, 0, 0, 1, 0, 3, 3, 3, 0, 0, 
Sekvenca #26: 3, 2, 2, 3, 2, 2, 2, 2, 3, 2, 
Sekvenca #27: 2, 3, 2, 3, 0, 3, 0, 0, 1, 2, 
Sekvenca #28: 1, 3, 2, 1, 0, 2, 0, 1, 2, 1, 
Sekvenca #29: 1, 1, 1, 2, 0, 2, 1, 0, 0, 2, 
Sekvenca #30: 2, 2, 1, 3, 0, 0, 1, 1, 0, 0, 
Sekvenca #31: 3, 3, 1, 1, 3, 3, 0, 1, 3, 0, 
Sekvenca #32: 2, 0, 0, 1, 0, 1, 1, 3, 2, 2, 
Sekvenca #33: 2, 0, 0, 2, 3, 2, 1, 3, 1, 3, 
Sekvenca #34: 0, 3, 0, 2, 2, 1, 3, 3, 3, 0, 
Sekvenca #35: 1, 0, 0, 3, 0, 1, 1, 0, 2, 3, 
Sekvenca #36: 2, 1, 2, 2, 1, 3, 3, 3, 2, 0, 
Sekvenca #37: 2, 1, 3, 0, 3, 3, 0, 1, 3, 2, 
Sekvenca #38: 1, 1, 0, 2, 0, 2, 3, 0, 2, 1, 
Sekvenca #39: 0, 1, 0, 2, 0, 3, 0, 2, 0, 3, 
Sekvenca #40: 2, 0, 1, 2, 1, 0, 0, 0, 3, 0, 
Sekvenca #41: 1, 0, 1, 3, 1, 1, 0, 3, 1, 3, 
Sekvenca #42: 3, 2, 0, 0, 0, 1, 0, 1, 3, 0, 
Sekvenca #43: 2, 1, 1, 3, 0, 0, 0, 2, 0, 0, 
Sekvenca #44: 1, 2, 0, 1, 0, 0, 0, 1, 0, 3, 
Sekvenca #45: 2, 1, 1, 0, 3, 0, 3, 1, 2, 0, 
Sekvenca #46: 3, 3, 1, 2, 1, 3, 2, 1, 3, 0, 
Sekvenca #47: 1, 2, 2, 0, 2, 1, 1, 3, 0, 3, 
Sekvenca #48: 1, 2, 0, 0, 2, 1, 0, 0, 3, 3, 
Sekvenca #49: 1, 3, 0, 0, 1, 2, 1, 2, 3, 0, 
Sekvenca #50: 1, 2, 2, 3, 2, 3, 2, 0, 2, 2, 
Sekvenca #51: 2, 0, 0, 2, 3, 0, 2, 1, 0, 0, 
Sekvenca #52: 3, 2, 1, 3, 3, 1, 1, 2, 2, 0, 
Sekvenca #53: 3, 3, 3, 3, 1, 2, 0, 1, 1, 2, 
Sekvenca #54: 3, 3, 2, 1, 0, 0, 2, 1, 1, 1, 
Sekvenca #55: 3, 0, 2, 3, 1, 3, 0, 2, 0, 0, 
Sekvenca #56: 1, 3, 2, 1, 3, 3, 1, 0, 0, 0, 
Sekvenca #57: 3, 1, 3, 1, 0, 3, 3, 0, 2, 2, 
Sekvenca #58: 3, 3, 1, 1, 0, 3, 1, 3, 2, 1, 
Sekvenca #59: 1, 1, 0, 1, 0, 3, 1, 0, 1, 1, 
Sekvenca #60: 3, 1, 1, 0, 1, 2, 0, 0, 2, 1, 
Sekvenca #61: 0, 0, 0, 2, 0, 1, 1, 0, 1, 0, 
Sekvenca #62: 2, 1, 2, 3, 2, 2, 0, 2, 0, 0, 
Sekvenca #63: 2, 3, 2, 1, 2, 2, 2, 0, 0, 1, 
Sekvenca #64: 2, 0, 0, 1, 1, 1, 1, 2, 0, 2, 
Sekvenca #65: 2, 1, 2, 1, 2, 2, 3, 1, 2, 2, 
Sekvenca #66: 2, 2, 0, 2, 3, 0, 1, 2, 3, 2, 
Sekvenca #67: 3, 0, 3, 3, 1, 2, 0, 0, 1, 0, 
Sekvenca #68: 0, 1, 2, 2, 2, 1, 0, 0, 2, 0, 
Sekvenca #69: 2, 1, 2, 1, 3, 3, 0, 2, 2, 0, 
Sekvenca #70: 0, 2, 3, 1, 3, 1, 1, 3, 3, 0, 
Sekvenca #71: 2, 2, 3, 1, 2, 0, 0, 2, 3, 2, 
Sekvenca #72: 0, 0, 0, 3, 3, 1, 2, 1, 0, 2, 
Sekvenca #73: 2, 1, 2, 1, 0, 1, 2, 0, 2, 1, 
Sekvenca #74: 3, 1, 0, 2, 1, 0, 1, 1, 3, 2, 
Sekvenca #75: 3, 2, 3, 0, 0, 3, 2, 3, 2, 1, 
Sekvenca #76: 2, 3, 2, 1, 2, 0, 0, 2, 0, 0, 
Sekvenca #77: 2, 0, 3, 1, 2, 2, 3, 2, 1, 3, 
Sekvenca #78: 0, 0, 2, 1, 2, 0, 1, 1, 0, 1, 
Sekvenca #79: 3, 2, 2, 0, 2, 3, 2, 2, 3, 1, 
Sekvenca #80: 3, 2, 0, 3, 0, 3, 2, 1, 1, 1, 
Sekvenca #81: 3, 0, 2, 2, 1, 2, 1, 0, 3, 2, 
Sekvenca #82: 2, 2, 2, 3, 1, 3, 1, 3, 2, 3, 
Sekvenca #83: 0, 0, 2, 0, 0, 2, 0, 2, 1, 3, 
Sekvenca #84: 1, 3, 0, 3, 1, 2, 3, 3, 2, 0, 
Sekvenca #85: 1, 1, 3, 1, 2, 0, 0, 0, 1, 1, 
Sekvenca #86: 1, 2, 3, 2, 1, 2, 2, 2, 2, 3, 
Sekvenca #87: 2, 3, 3, 3, 0, 2, 2, 3, 2, 2, 
Sekvenca #88: 3, 2, 0, 2, 1, 2, 1, 1, 1, 3, 
Sekvenca #89: 1, 3, 0, 0, 1, 2, 0, 2, 1, 3, 
Sekvenca #90: 0, 1, 1, 3, 2, 2, 2, 3, 0, 3, 
Sekvenca #91: 2, 0, 2, 3, 1, 3, 2, 0, 0, 3, 
Sekvenca #92: 1, 0, 0, 3, 1, 2, 2, 3, 1, 1, 
Sekvenca #93: 2, 3, 1, 3, 2, 2, 0, 1, 0, 3, 
Sekvenca #94: 0, 1, 0, 2, 0, 1, 1, 1, 2, 2, 
Sekvenca #95: 0, 0, 1, 2, 1, 3, 0, 2, 1, 3, 
Sekvenca #96: 0, 2, 1, 2, 1, 2, 3, 3, 0, 2, 
Sekvenca #97: 2, 1, 0, 1, 3, 3, 3, 2, 2, 0, 
Sekvenca #98: 1, 0, 0, 3, 1, 2, 2, 2, 1, 3, 
Sekvenca #99: 2, 2, 3, 0, 2, 1, 3, 2, 1, 1, 




































































































































































































































































































































































































































































































































































































































































































































































































































































































































